ChegaDeSaudade 1537.5069079995296 7.0 0.0
WaltzForDebby 1536.0497278876915 7.0 0.0
Ys 1526.6350324917971 6.0 0.0
TabuaDeEsmeralda 1524.5703678561872 6.0 0.0
KidA 1524.421817408091 6.0 0.0
AcabouChorare 1516.3005605537462 5.0 0.0
Animals 1511.2593067756954 6.0 1.0
OKComputer 1505.9711581292638 5.0 0.0
InTheAOTS 1505.7034052060485 5.0 0.0
DarkSide 1503.8482823726977 5.0 0.0
TheWhiteAlbum 1497.0584416144336 6.0 1.0
Elis&Tom 1487.6420708291582 4.0 0.0
channelORANGE 1487.3891407738054 5.0 1.0
TheQueenIsDead 1486.9075576962102 5.0 1.0
Revolver 1486.3618190449454 4.0 0.0
ADivinaComedia 1481.7489369113116 4.0 0.0
SgtPeppers 1481.032444205499 5.0 1.0
Construcao 1479.820280409506 4.0 0.0
TropicaliaOPET 1477.3763523796251 5.0 1.0
Loveless 1474.7537876360009 5.0 1.0
AbbeyRoad 1471.3172384714435 4.0 1.0
ClubeDaEsquina 1470.8846859698667 4.0 1.0
TVUNico 1470.6554511210995 4.0 1.0
InRainbows 1463.2308146225766 4.0 1.0
WishYouWereHere 1463.0081471418946 3.0 0.0
AmericanBeauty 1462.042016603711 3.0 0.0
Madvillainy 1460.468538365507 5.0 2.0
Carrie&Lowell 1457.6622111294414 4.0 1.0
Funeral 1449.5449846388888 3.0 1.0
TVelvetUnderg 1443.1487530569575 4.0 2.0
MBDTFantasy 1441.8191328165783 4.0 2.0
ToPimpAButterfly 1441.3504548546675 4.0 2.0
GetzGilberto 1440.1090467477975 4.0 2.0
OsMutantes 1429.3089122921183 4.0 2.0
TheBlackSaint 1423.7139683437597 4.0 3.0
IsThisIt 1422.8880852598004 3.0 2.0
Parachutes 1421.1494217098868 1.0 0.0
PetSounds 1418.7465006360053 3.0 2.0
KindOfBlue 1414.9946379983319 3.0 2.0
Dummy 1412.8663690627016 3.0 3.0
Ventura 1407.7356947105463 4.0 3.0
Substrata 1401.4119922656603 2.0 2.0
SambaEsquemaNovo 1387.0268526070727 2.0 3.0
Doolittle 1381.578965539765 3.0 4.0
YankeeHotelFT 1376.869806269773 3.0 4.0
WhateverPeopleSay 1372.1795777317968 2.0 3.0
TheWall 1372.0394923643785 2.0 3.0
Ella&Louis 1371.8250870150428 1.0 2.0
BlocoDoEuSo 1370.421681676243 3.0 4.0
MoonShapedPool 1370.315641846004 2.0 3.0
HardDaysNight 1369.059618214106 2.0 3.0
Amnesiac 1368.830533106334 3.0 4.0
CharlieBrown 1368.4819348848857 2.0 3.0
TheRiseAndFall 1365.6926858427214 2.0 4.0
VivendoENA 1364.6034223331462 2.0 4.0
RubberSoul 1362.9177389530685 2.0 4.0
BcosUWNBF 1358.2816518023806 2.0 4.0
MagicalMystery 1356.647784583154 2.0 4.0
TheBends 1351.2869119576285 1.0 3.0
PureHeroine 1348.4049269651105 2.0 5.0
RubberSoul 1347.472847092597 1.0 3.0
ApricotPrincess 1343.2658041222146 2.0 5.0
Illinois 1341.931943207415 2.0 5.0
Currents 1339.988866880224 1.0 4.0
Tropix 1337.128955712936 2.0 4.0
SometimesISit 1336.312918334125 1.0 4.0
TheSuburbs 1331.2427896229203 1.0 5.0
Odessey&Oracle 1330.7335321398775 2.0 5.0
Lonerism 1327.4534592742762 3.0 8.0
StrangeMercy 1326.048766952944 1.0 4.0
oAmoroSorriso 1324.5258071655994 1.0 5.0
SuckItAndSee 1321.1312040645973 1.0 5.0
Veckatimest 1314.2587331915809 1.0 5.0
MarryMe 1312.018209000933 1.0 5.0
HailTTThief 1311.7703722603078 0.0 4.0
LateRegistr 1310.4821722605186 2.0 7.0
StVincent 1308.3112107468721 0.0 4.0
Amoroso 1308.3068769759373 1.0 5.0
Melodrama 1291.2021376346459 1.0 7.0
ModernVampires 1289.399282245546 0.0 6.0
Actor 1280.9893493853917 0.0 6.0
Meddle 1278.3319784797918 0.0 6.0
Nevermind 1272.366601548552 0.0 6.0
ARushOfBlood 1270.9228054251737 0.0 6.0
Humbug 1256.6008140029376 0.0 7.0
Transa 1246.7778303541397 0.0 7.0
