Iceland 1911.9058322226624 70.0 0.0
Norway 1872.4788865186263 74.0 3.0
Switzerland 1773.8943670961692 59.0 12.0
Scotland 1763.3772117205594 59.0 5.0
Sweden 1691.239307933351 50.0 19.0
NewZealand 1632.4571959211096 50.0 22.0
Germany 1632.32772845954 50.0 28.0
Ireland 1630.829889906549 52.0 18.0
Finland 1564.269155097033 38.0 38.0
Denmark 1499.7367763798484 25.0 35.0
Netherlands 1441.0324274371812 11.0 9.0
Uruguay 1429.3597075855207 3.0 2.0
Luxembourg 1408.0006670985433 1.0 1.0
USA 1401.7458801904538 2.0 4.0
Argentina 1383.048478184099 1.0 2.0
Australia 1374.5189091039645 29.0 40.0
Canada 1373.93795644616 33.0 35.0
Russia 1360.500888877879 0.0 4.0
Chile 1352.269648557348 0.0 2.0
England 1343.7823734632539 30.0 41.0
SouthKorea 1342.1844922680252 0.0 3.0
Singapore 1337.9928702977202 19.0 42.0
Greece 1335.8645350756397 0.0 3.0
Spain 1333.2769006754793 0.0 6.0
Estonia 1328.7759010232423 1.0 4.0
Italy 1235.8183888449726 5.0 29.0
Austria 1158.1228341507283 10.0 40.0
Belgium 1153.0446249294323 2.0 31.0
Portugal 1120.665505487375 0.0 31.0
France 999.9099668607228 13.0 62.0
